name: codi-kiosk
channels:
  - conda-forge
  - defaults
dependencies:
  - asttokens=3.0.0=pyhd8ed1ab_1
  - bzip2=1.0.8=h2bbff1b_6
  - ca-certificates=2025.2.25=haa95532_0
  - colorama=0.4.6=pyhd8ed1ab_1
  - comm=0.2.2=pyhd8ed1ab_1
  - debugpy=1.8.11=py312h5da7b33_0
  - decorator=5.2.1=pyhd8ed1ab_0
  - exceptiongroup=1.2.2=pyhd8ed1ab_1
  - executing=2.1.0=pyhd8ed1ab_1
  - expat=2.6.4=h8ddb27b_0
  - importlib-metadata=8.6.1=pyha770c72_0
  - ipykernel=6.29.5=pyh4bbf305_0
  - ipython=9.1.0=pyhca29cf9_0
  - ipython_pygments_lexers=1.1.1=pyhd8ed1ab_0
  - jedi=0.19.2=pyhd8ed1ab_1
  - jupyter_client=8.6.3=pyhd8ed1ab_1
  - jupyter_core=5.7.2=py312haa95532_0
  - krb5=1.21.3=hdf4eb48_0
  - libffi=3.4.4=hd77b12b_1
  - libsodium=1.0.20=hc70643c_0
  - matplotlib-inline=0.1.7=pyhd8ed1ab_1
  - nest-asyncio=1.6.0=pyhd8ed1ab_1
  - openssl=3.5.0=ha4e3fda_0
  - packaging=24.2=pyhd8ed1ab_2
  - parso=0.8.4=pyhd8ed1ab_1
  - pickleshare=0.7.5=pyhd8ed1ab_1004
  - pip=25.0=py312haa95532_0
  - platformdirs=4.3.7=pyh29332c3_0
  - prompt-toolkit=3.0.50=pyha770c72_0
  - psutil=5.9.0=py312h827c3e9_1
  - pure_eval=0.2.3=pyhd8ed1ab_1
  - pygments=2.19.1=pyhd8ed1ab_0
  - python=3.12.9=h14ffc60_0
  - python-dateutil=2.9.0.post0=pyhff2d567_1
  - pyzmq=26.2.0=py312h5da7b33_0
  - setuptools=75.8.0=py312haa95532_0
  - six=1.17.0=pyhd8ed1ab_0
  - sqlite=3.45.3=h2bbff1b_0
  - stack_data=0.6.3=pyhd8ed1ab_1
  - tk=8.6.14=h0416ee5_0
  - tornado=6.4.2=py312h827c3e9_0
  - traitlets=5.14.3=pyhd8ed1ab_1
  - typing_extensions=4.13.1=pyh29332c3_0
  - ucrt=10.0.22621.0=h57928b3_1
  - vc=14.42=haa95532_4
  - vc14_runtime=14.42.34438=hfd919c2_26
  - vs2015_runtime=14.42.34438=h7142326_26
  - wcwidth=0.2.13=pyhd8ed1ab_1
  - wheel=0.45.1=py312haa95532_0
  - xz=5.6.4=h4754444_1
  - zeromq=4.3.5=ha9f60a1_7
  - zipp=3.21.0=pyhd8ed1ab_1
  - zlib=1.2.13=h8cc25b3_1
  - pip:
      - altair==5.5.0
      - annotated-types==0.7.0
      - anyio==4.9.0
      - attrs==25.3.0
      - blinker==1.9.0
      - cachetools==5.5.2
      - certifi==2025.1.31
      - cffi==1.17.1
      - charset-normalizer==3.4.1
      - click==8.1.8
      - comtypes==1.4.10
      - distro==1.9.0
      - filelock==3.18.0
      - fsspec==2025.3.2
      - gitdb==4.0.12
      - gitpython==3.1.44
      - h11==0.14.0
      - httpcore==1.0.7
      - httpx==0.28.1
      - idna==3.10
      - jinja2==3.1.6
      - jiter==0.9.0
      - jsonschema==4.23.0
      - jsonschema-specifications==2024.10.1
      - llvmlite==0.44.0
      - markupsafe==3.0.2
      - more-itertools==10.6.0
      - mpmath==1.3.0
      - narwhals==1.34.1
      - networkx==3.4.2
      - numba==0.61.2
      - numpy==2.2.4
      - openai==1.72.0
      - openai-whisper==20240930
      - pandas==2.2.3
      - pillow==11.1.0
      - protobuf==5.29.4
      - pyarrow==19.0.1
      - pycparser==2.22
      - pydantic==2.11.3
      - pydantic-core==2.33.1
      - pydeck==0.9.1
      - pydub==0.25.1
      - pypiwin32==223
      - python-dotenv==1.1.0
      - pyttsx3==2.98
      - pytz==2025.2
      - pywin32==310
      - referencing==0.36.2
      - regex==2024.11.6
      - requests==2.32.3
      - rpds-py==0.24.0
      - scipy==1.15.2
      - smmap==5.0.2
      - sniffio==1.3.1
      - sounddevice==0.5.1
      - streamlit==1.44.1
      - sympy==1.13.1
      - tenacity==9.1.2
      - tiktoken==0.9.0
      - toml==0.10.2
      - torch==2.6.0
      - tqdm==4.67.1
      - typing-inspection==0.4.0
      - tzdata==2025.2
      - urllib3==2.3.0
      - watchdog==6.0.0
      - whisper==1.1.10
prefix: D:\Anaconda\envs\kiosk
